1
65196
8204
13
8206
8207
8211
8212
65198
8216
8217
8218
8220
8221
8222
32
33
34
35
36
37
38
39
40
41
42
43
44
45
46
47
48
49
50
51
52
53
54
55
56
57
58
59
60
61
62
63
64
65
66
67
68
69
70
71
72
73
74
75
76
77
78
79
80
81
82
83
84
85
86
87
88
89
90
91
92
93
94
95
96
97
98
99
100
101
102
103
104
105
106
107
108
109
110
111
112
113
114
115
116
117
118
119
120
121
122
123
124
125
126
65216
65168
65218
65219
65268
65220
65200
65250
65255
160
161
162
163
164
165
166
167
168
169
170
171
172
173
174
175
176
177
178
179
180
181
182
183
184
185
186
187
188
189
190
191
192
193
194
195
196
197
198
8225
200
201
202
203
204
205
206
207
208
209
210
211
212
213
214
215
216
217
218
219
220
221
222
223
224
225
226
227
228
229
230
231
232
233
234
235
236
237
238
239
240
241
242
243
244
245
246
247
248
249
250
251
252
253
254
255
256
257
258
259
260
261
262
263
264
265
266
267
268
269
270
271
272
273
274
275
276
277
278
279
280
281
282
283
284
285
286
287
288
289
290
291
292
293
294
295
296
297
298
299
300
301
302
303
304
305
306
307
308
309
310
311
312
313
314
315
316
317
318
319
320
321
322
323
324
325
326
327
328
329
330
331
332
333
334
335
336
337
338
339
340
341
342
343
344
345
346
347
348
349
350
351
352
353
354
355
356
357
358
359
360
361
362
363
364
365
366
367
368
369
370
371
372
373
374
375
376
377
378
379
380
381
382
383
65259
65260
65208
65238
402
65262
65264
1778
1779
64585
441
1781
65270
65210
65252
65271
65182
65273
64591
65274
64256
65275
65211
486
487
65276
65230
65266
65236
65206
506
507
508
509
510
511
7723
65212
64257
64258
64655
8722
64259
8725
536
537
65224
65239
65247
65214
7778
64260
65215
65226
8205
65267
660
661
8308
700
701
702
703
704
705
710
711
722
723
728
729
730
731
732
733
65254
768
769
770
771
772
774
775
776
778
779
780
803
806
807
814
65222
817
65154
65223
64337
64339
64340
64341
64343
64344
64345
64347
64348
64349
64351
64352
64353
64355
64356
64357
64359
64360
64361
64363
64364
64365
64367
64368
64369
65156
64371
64372
64373
64375
64376
64377
64379
64380
64381
64383
64384
64385
64387
64389
64391
64393
65242
64395
64397
64399
64400
64401
64403
64404
64405
64407
64408
64409
64411
64412
64413
64415
64417
64421
64423
64424
64425
64427
64428
64429
64431
64433
65269
65227
64468
64469
64470
64472
64474
64476
64479
64481
64483
65228
64485
64488
64489
64683
64509
64510
1877
64512
64513
64514
64515
64516
64517
64518
64519
64520
8364
64522
64523
64524
64525
64526
64527
64528
64529
64530
64531
64532
64533
64534
64535
64536
64537
64538
64539
64540
64541
64542
64543
64544
64545
64546
1883
64548
64549
64553
64554
1780
64556
64557
64558
64559
64560
64561
64562
64563
64564
64565
64566
64567
64571
64572
64573
64574
64575
64576
64577
64578
64579
64580
64547
64584
7692
64586
64587
64588
64589
64590
7693
64592
64593
64594
64595
64596
64597
64598
64599
64600
64601
64602
65232
64699
64612
64613
64614
64615
64616
64617
64618
64619
64620
64621
64622
64623
64624
64625
64626
64627
64628
64629
64630
64631
64632
64633
64634
64635
64640
64641
64642
64643
64644
64645
64646
64647
64648
64650
64651
64652
64653
64654
1901
64657
64658
64659
64660
64661
64662
64663
64664
64665
64666
64667
64668
64669
64670
64671
64672
64673
64674
64675
64676
64677
64678
64679
64680
64681
64682
199
64684
64685
64686
64687
64688
64689
64690
64691
64692
64693
64694
64695
64698
1645
64700
64701
64702
64703
64704
64705
64706
64707
8224
64712
64713
64714
64715
64716
64717
64718
64719
64720
64721
64722
64723
64724
64725
64726
64727
64728
1572
64730
64731
64732
64733
64734
7717
64736
64737
64738
64739
64740
64741
64742
65207
64747
64748
64750
64751
64752
64555
65169
64763
64764
1578
64766
8226
64521
64773
64774
64775
64776
64777
64778
64779
64780
64781
64782
64783
64784
65170
64791
64792
64793
64794
64801
64802
64803
64804
64809
64810
64811
64812
1586
64814
64815
64816
1587
64735
64830
64831
1590
1591
65240
65258
65231
8230
65272
64902
64904
64906
64909
64911
65204
65243
64753
64949
64954
65244
9676
65179
65203
64765
65010
65020
1536
1537
1538
1539
65251
1547
1548
1549
1550
1551
1552
1553
1554
1555
1556
1557
1625
1563
1626
1566
1567
1569
1570
1571
7716
1573
1574
1575
1576
1577
7722
1579
1580
1581
1582
1583
1584
1585
7730
7731
1588
1589
7734
7735
1592
1593
1594
65248
1600
1601
1602
1603
1604
1605
1606
1607
1608
1609
1610
1611
1612
1613
1614
1615
1616
1617
1618
1619
1620
1621
1622
1623
1624
7769
7770
1627
1628
1629
1630
1632
1633
1634
7779
1636
1637
1638
1639
1640
1641
1642
1643
7788
7789
7790
7791
1648
1649
1650
1651
1652
1653
1654
1655
1656
1657
1658
1659
1660
1661
1662
1663
1664
7809
1666
7811
1668
1669
1670
1671
1672
1644
1674
1675
1676
1677
7822
7823
1680
1681
7826
1683
1684
1646
1686
1687
1688
1689
1690
1647
1692
1693
1694
1695
1696
1697
1698
1699
1700
1701
1702
8240
1704
1705
1706
1707
1708
1709
1710
1711
1712
1713
1714
1715
1716
1717
1718
1719
1720
1721
1722
1723
1724
1725
1726
1727
1728
1729
1730
1731
1732
1733
1734
1735
1736
1737
1738
1739
1740
1741
1742
1743
1744
1745
1746
1747
1748
1749
1750
1751
1752
1753
1754
1755
1756
1757
1758
1759
1760
1761
1762
1763
1764
1765
1766
1767
1768
1769
1770
1771
1772
1773
1774
1775
1776
1777
7922
7923
7924
7925
1782
1783
1784
1785
1786
1787
1788
1789
1790
1791
7808
1665
7810
64813
1667
65187
7812
7813
65158
8250
65256
65160
1673
65234
65162
64711
8482
65246
65163
65202
7768
65164
65257
1872
1873
1874
1875
1876
1678
1878
1879
1880
1881
1882
1679
1884
1885
1886
1887
1888
1889
1890
1891
1892
1893
1894
1895
1896
1897
1898
1899
1900
1682
65166
7827
65172
1685
65174
65175
65191
65176
65178
7771
1691
65180
8249
65183
65184
65186
65235
1635
65188
65190
1703
65192
64511
65194
